# entrez_id
11218
3804
4117
8567
5909
23139
3609
1499
7580
79718
3008
6515
54899
5162
79872
10471
1973
81689
5914
114791
740
7356
4594
26284
5441
729540
56975
4715
389874
2963
9700
89797
8723
348094
283212
5413
3185
8893
5597
10494
389816
80128
200185
57128
10109
58509
7203
333
2743
55718
9774
4673
55737
7416
658
1763
221504
147040
5910
10270
285855
202500
84067
55179
26099
28992
9611
5706
4041
4287
27107
1657
5638
7019
8036
10023
5540
9721
83849
642517
81930
64785
137735
708
284114
54468
9794
10514
10735
51250
55278
126375
5976
23657
9833
9342
1399
10627
127247
5529
9375
29883
26052
6136
115701
10589
79836
79892
64216
6727
8233
79628
51575
1260
27304
6780
2272
9961
6154
1019
2647
5929
2182
381
521
28996
118424
130813
1584
9592
6232
51272
1130
6147
59286
57695
59284
9464
1355
8504
6881
6051
5378
9826
7507
4686
5695
26747
51531
10541
2928
11321
6119
85443
92935
378
784
5598
431705
7465
1655
55813
22938
6209
1159
205564
23031
55154
4134
137872
5173
25821
137797
5414
5889
1738
84440
23203
2584
6621
2134
1603
3467
147912
51052
53371
55589
9908
10209
10006
10730
10575
79650
6829
92597
63929
203068
57060
6494
29925
2034
4299
9863
1432
9804
23637
200159
10046
6665
81557
6917
22921
23590
149371
1297
5710
9439
3646
10488
2892
5243
9612
146956
161424
23787
11270
79711
153733
8531
7078
23396
11172
1589
9894
4861
10533
51078
4677
2585
11234
79144
3553
4729
1407
730
51514
8444
5250
4140
170692
53339
100507050
3028
8243
2780
55119
55063
79751
1175
324
134430
56478
25803
5445
22818
26959
5294
5446
401505
79760
51360
23038
10133
79134
6160
6282
4081
401027
5346
22916
7360
202018
3069
93107
6654
55159
92703
93978
790
3208
5879
90411
51663
10457
2649
6229
7746
58504
2177
6795
4175
132001
84262
785
6857
5058
92105
63922
10559
84219
254122
5764
6169
29082
143872
84878
143684
5577
58473
5634
3551
2033
6781
23041
9879
51397
79912
2940
3981
4155
2857
3223
55717
158067
10787
905
6678
3550
53917
26000
3275
8550
389677
267
51095
2444
1967
57696
9577
84445
56652
283899
143244
27247
84928
9275
10652
57497
26608
4695
10018
165530
8452
79590
93183
55248
4835
22985
5190
151449
844
81875
79644
9470
79933
51719
7771
322
6431
401551
64968
11260
79415
5198
27289
7026
51725
54859
3660
4336
83743
9266
54896
5717
1654
7593
64601
26692
5496
64682
54663
55090
93109
9711
63877
151648
150221
144406
4867
55275
8484
3146
83460
255520
79066
81570
48
402
27297
2706
7287
7251
6620
830
8899
989
80820
4528
25788
64410
387521
3070
5880
79097
54955
5692
6352
9518
9776
90390
170384
5885
200205
56947
94104
10806
54814
6118
10015
4987
79183
8825
400961
55696
701
1974
27102
116228
4708
55622
5244
5222
23215
2152
131076
117581
3191
1891
6259
117144
219699
5934
10873
90987
2146
165918
23435
29914
286046
7025
117285
84905
9874
2686
114783
79648
1544
466
10300
4070
196528
83862
126306
84316
5831
8914
60489
9759
8655
11186
91949
113510
5967
51362
10963
79031
10329
125997
84321
79589
10695
51008
79955
51645
5166
440275
57801
374918
55521
6396
22974
28954
253714
3589
10058
29997
80146
85463
79777
7534
2783
3159
30012
64137
65260
2263
79699
894
8074
5501
148223
815
7942
9973
1030
9344
2260
128866
200014
51654
2632
5578
29980
6651
55174
55695
83878
375775
684
30836
10923
5008
10403
168455
84889
54931
84619
6932
374887
6469
174
56943
10438
135924
3479
79591
84930
6676
6389
10087
3156
256281
85464
114781
8907
84816
1653
5094
10360
55750
158586
29899
286151
1915
51422
6009
6827
4736
9578
85458
29761
1793
84313
10266
29893
47
140609
126792
80224
375287
5583
90673
6660
2012
10606
3608
3791
116969
65123
23237
5313
27299
9533
10123
399687
7123
5524
23160
492307
990
5802
84518
2475
7334
2885
9913
8621
55635
54764
3082
4674
7297
54466
84284
23456
80705
10753
7403
3568
3484
65078
5814
113130
26229
3508
3140
5426
84942
283987
3396
10476
138428
9520
84826
220004
221120
7730
197407
158
220002
1050
219654
10558
4773
729264
653550
8329
79441
7422
23210
8578
1937
7481
2986
9410
10726
25844
10466
6203
84925
9039
23126
115286
54964
283989
5424
26018
1736
7389
200728
2556
2534
11166
11180
10193
51691
27250
8624
57126
2107
379
8021
286336
1063
2720
10594
4928
4728
1745
1857
65005
3157
79598
84197
64816
8662
4521
6050
80006
23398
23746
6167
10467
24146
10797
5546
9169
5985
1978
54806
25980
11057
55215
5428
347
79005
6944
5649
55110
23644
7167
84333
51637
5347
10845
55806
55249
7472
54959
440077
1540
1742
54881
54534
192286
144347
9141
7386
2250
5983
84803
122704
118490
343450
5579
4176
255967
4752
6750
55023
1789
117195
6688
2581
2969
4927
7018
6787
2531
90799
3042
56928
51133
3586
11311
146853
1943
6502
9675
1105
246176
2886
2064
51808
4683
27319
10404
22875
4704
389362
9746
391
29102
4001
689
64839
4016
128989
4092
3240
64963
55322
10307
11128
57092
11258
9380
51582
4174
11126
8934
54780
367
254778
127829
9862
286053
283767
85377
4809
25904
9112
8507
29078
563
79080
27339
7994
93594
55629
3782
1965
285989
56956
11169
4739
64780
26994
11228
55585
3570
103
81873
11055
79977
55168
1295
9092
122258
8775
23338
11140
130497
9945
54822
283208
8428
6637
55252
81892
58517
1070
8467
25871
4719
1027
613210
79027
79074
57639
64965
29978
10487
509
5573
25974
143384
3055
79003
23369
25898
200081
57047
51259
27085
164656
7867
93
51409
2277
5277
90
8575
4331
199857
55142
80328
9326
55759
5689
3222
55871
3685
2516
53828
5793
375748
64975
5690
10574
23395
1948
25900
9918
6731
84709
55343
3635
25913
80723
57507
51247
57633
10385
10131
1267
10849
6048
118442
51399
150737
10884
29
23530
7791
8883
60313
10079
389434
84911
253430
1791
4616
54619
8496
8896
11333
26024
969
7046
92335
3064
54552
8106
145282
51562
9098
9488
528
152831
136895
4151
3556
2266
55508
598
80124
9038
84232
144811
116224
5917
23286
165324
10915
9555
339766
4240
26118
25977
4839
2597
1108
10200
280636
23012
22908
80230
3836
10409
6103
1723
729
51491
672
1017
3000
79600
220064
153527
26045
8543
5792
5139
89857
8438
11004
51225
8506
81626
5351
6991
7327
644538
54873
29072
29796
7148
6596
5563
79707
55754
112858
7485
79897
8613
7347
7320
403341
9330
83464
81556
7543
23149
5164
25831
3675
9162
133688
5169
10349
128869
1147
51187
51332
29895
9897
222194
51182
138716
5596
340252
132884
5016
8671
55709
25847
7597
84133
6723
23431
85440
54665
54936
7514
6390
80349
8228
54475
5155
6521
54471
49
8897
7062
164633
260429
124454
11196
55954
56996
284486
9600
55262
4893
23116
28514
3015
26574
2961
161753
5031
80331
2186
5354
4332
100131244
6633
2354
6253
5595
284439
57592
4607
81609
80222
53
138881
5481
9869
26156
7764
10540
6139
254394
123346
150468
23368
123207
23411
22820
100287932
1946
4023
139596
27316
688
9739
54960
9274
51004
55051
51542
654
79618
55703
1719
1447
6205
3619
60484
644168
11164
9735
100271849
8648
84239
348158
255101
11235
79943
5276
9270
9381
6129
92482
4436
54584
23293
10640
219333
55351
1801
23531
4297
10163
26958
1213
57559
55650
84084
1123
10651
4548
2971
387496
22976
254439
2804
23648
90441
731
84057
200933
169966
155435
84967
93517
1508
29850
114883
55510
515
79084
3985
84975
29127
121053
121551
7292
26517
5911
171425
8480
80746
58485
7037
85442
79792
51366
2823
7528
596
200172
1503
79730
10432
3628
741
5232
10237
388662
201514
8909
113251
65012
2157
93034
5045
8315
6156
1396
1053
146852
51021
9810
158062
9738
55341
28984
337876
3326
254879
79070
7174
79587
3312
9779
57560
317772
54821
22823
7084
126308
254268
146227
65265
2648
22931
57038
84128
9801
84141
3717
661
2237
256309
26027
388595
8745
25973
30834
9936
9969
3276
60678
54439
5216
196883
11035
25983
10096
390162
6904
92170
675
51529
1104
83478
79871
7332
677
1810
79913
10406
434
9777
8450
191
10946
3001
3034
51162
57082
55656
158326
23168
25962
6176
2669
10248
54973
900
64949
582
140881
284402
201725
79172
10128
26270
26232
3448
80135
5618
1361
10765
546
2047
23097
10671
112495
25814
6122
1289
112950
1327
150160
5261
448834
163786
79714
9646
84126
55929
8811
6523
6734
262
92591
10841
4047
53340
10075
10465
4294
5822
23016
23623
2224
85406
2191
51816
1841
84289
6890
1003
5245
158763
1300
10328
23199
55691
83447
10538
3192
55561
6632
51184
60561
84691
51699
354
50640
51447
6882
60684
7089
116447
132014
7855
6730
23053
84545
2356
63916
5504
5429
22928
54535
64895
55362
3934
283871
5443
84895
5460
51809
7186
1605
9133
5608
54953
222894
79789
55316
2230
5519
57057
11036
84060
154810
124222
353322
22987
116987
55794
23471
221150
114798
54732
10524
2305
387733
9252
4353
146664
50509
282679
8780
10573
131034
286826
610
5442
1855
24148
1522
81027
7476
7508
64282
514
84612
79797
10106
9793
730130
3352
8997
57572
54811
8359
10921
8685
22859
7421
83884
84946
23768
2582
342184
163
11019
23244
7381
23603
153769
9765
51001
10162
284403
10992
574028
8851
285315
219541
10294
57410
4076
7226
8882
93323
23788
3071
9128
26166
339456
1901
220032
1520
53353
128488
26233
5727
3882
1759
476
550
5438
26227
1155
5888
57538
3658
5520
8408
60314
2175
51380
54971
3054
7388
79866
5801
10483
388650
10907
79874
3487
342667
79086
6206
58513
359787
23113
9517
199974
57472
338657
91056
3397
79023
63941
11213
9989
440
728911
27072
8813
374354
8822
388799
818
4836
10284
4700
8482
6574
9210
63933
4298
10667
975
387103
54934
256471
8815
79012
266553
11015
55027
28970
5293
4356
9553
5747
9564
29904
1787
54926
1428
26157
9972
83732
10799
56254
121441
8697
9582
5893
5208
5800
891
10147
7076
284428
119467
55505
28957
6546
1326
79991
7336
22809
6940
1592
57646
51091
25948
333932
7276
664
10489
5279
9993
259283
10767
53981
26039
486
8192
118672
30
403
2962
64172
25988
682
5493
85459
147645
7101
11190
8658
54853
29842
4139
5268
51300
5725
8727
1478
1010
125476
647042
342096
2865
140809
4173
56919
92014
7291
55234
30849
285971
9825
143282
51574
6789
947
55340
8202
29880
10808
9208
51604
2068
10535
57030
8881
84154
5589
7385
23187
339287
25996
135114
9750
9129
133491
56654
5898
7031
285527
23649
51631
9652
4018
283870
10295
653427
143187
25839
10423
10725
155185
9688
6210
3581
1272
6902
4761
8500
256144
51759
23392
4957
7295
4351
8449
55917
27132
134218
375593
55012
55599
5193
831
51608
9343
10399
2254
79413
9757
602
55683
11148
5509
1068
4706
55300
7157
84332
100129654
7398
6602
5568
5340
51028
79621
389119
8019
3234
5937
84666
57703
26589
7048
26140
728492
6607
23753
8518
56940
4049
2975
493753
10296
51507
9201
7709
135
4705
22844
617
1054
23347
100131801
10865
2615
58487
5977
54843
51163
10922
129804
23774
5256
64781
8664
492311
116985
2002
3188
6275
605
28991
80335
5308
23438
79998
3976
55914
79814
92745
6477
54680
2712
7532
4670
754
55787
7428
81492
83715
55009
3758
2313
7166
196
6821
23517
337867
55082
79728
246721
9844
57122
22843
529
7249
9100
5159
79934
146050
10169
1265
4638
115677
132671
219844
9604
1774
2222
57542
1132
58538
56647
64232
115752
151903
9802
27302
54566
9080
79575
55781
1731
2624
6943
8828
1490
959
27336
4863
51442
286148
65980
1455
54617
9328
64763
146562
2752
1660
51326
54715
8570
22894
23109
5702
5913
145567
91252
6047
10875
23352
390326
5479
84191
145942
140803
57718
221749
29074
51175
4172
50854
4758
9716
653067
8760
8715
9635
340307
6885
1028
4712
2551
58494
522
285590
84515
122961
27012
143678
11319
25936
1352
51364
1903
7471
29927
22999
59343
80155
8817
92521
55355
84449
136227
121214
85378
441478
118980
7296
84218
146540
9587
6799
27238
5093
2705
347168
29113
29889
85369
55143
255743
863
81610
6196
54556
51678
8339
8837
10621
29107
84327
56252
57563
11102
84220
7871
6133
201895
85450
23082
22984
54344
6606
5025
4802
9682
6473
23299
353142
399694
1102
1910
84639
27177
55627
6432
90134
140699
115350
8460
163590
795
4071
483
6277
23122
9088
9143
11231
5796
51072
3383
6935
87178
3795
57117
3237
23144
3239
123169
440026
4599
8331
5737
403314
201163
29966
57147
836
8836
9943
5905
6874
1602
64793
3615
7517
10426
1545
10436
10657
55116
833
55167
9295
348235
10286
51377
23236
131405
150223
10672
330
26610
9254
84769
166
3741
2180
5371
83853
10299
9443
6224
56945
362
55690
91523
55113
2619
1848
7700
57551
9197
10263
151473
4693
50865
415116
4710
254552
55869
64426
9641
23326
11183
57217
23185
56265
126328
6732
57506
2289
7862
1312
3209
3481
5711
1773
6722
440295
10102
6168
10401
329
27158
3021
1435
9061
2856
165721
27097
1353
2137
3084
8065
143884
5527
1456
4595
4678
7122
57621
5729
259266
267020
6697
474
1981
27086
414899
55135
9448
10960
8726
6143
631
640
64745
4067
56172
254050
79811
51496
2934
5876
92399
121665
341
5214
23350
928
11091
8295
9361
2043
9025
6500
81858
6427
10007
2256
729515
4651
51517
23616
7329
4682
533
8704
7022
115106
147339
57591
728116
7516
55966
80817
25764
136371
308
9440
5621
9692
140686
6201
5681
55178
340385
51160
4796
5073
80777
79798
7049
26259
5202
84991
6391
117283
79828
129025
55108
79809
9111
647087
55721
84883
867
10885
54815
51642
10014
51747
2022
930
55664
5141
440836
4801
6199
8835
112609
340371
6134
5111
26686
56603
51318
276
723790
55206
80032
83452
84631
101060321
643338
10906
9928
79858
83479
22821
9968
83756
10746
10153
131616
5134
973
5584
2978
55173
64506
55885
341947
65010
79568
54908
9429
11216
7372
117246
11285
51003
84196
16
100131827
6638
127623
85465
23300
56672
55839
6222
100132406
6125
653140
29079
5590
9202
130888
9156
284532
253959
9607
253260
134288
29088
10419
79831
6648
3214
164091
51082
146909
57152
94005
1641
6015
3732
79869
196792
118460
7155
5915
54752
23228
6720
647589
10042
79813
4066
5771
55621
8932
353274
7975
3480
11016
60559
60386
51234
55239
81849
84456
8602
2563
5170
80347
5892
10073
7307
875
8566
4192
51124
55626
1188
55809
29915
23279
55612
26291
55294
7042
10553
2308
1196
26234
9828
7447
23219
11051
163859
56851
56006
10463
90417
1729
85481
54882
5585
10988
79002
6529
10557
23049
115548
84210
8886
2782
54541
11073
60509
26043
54861
51069
6300
51776
10138
115207
55319
51606
4905
57761
23415
22807
22878
84692
8412
5781
11261
1051
256472
54799
11155
10523
150684
7570
25855
7384
6138
23195
7840
414060
10056
607
5515
4751
146429
2246
3475
10081
3026
57062
6576
157
9033
8140
4293
64434
128368
259230
51151
10920
4815
4300
5494
219927
6241
60488
5457
6464
202051
23376
54487
11221
10971
9247
1785
116143
29101
11331
2342
780
54913
9058
7879
114134
5713
79918
56897
131118
9031
55884
10525
10038
166378
2950
23476
23212
4671
1192
54464
7029
9616
131890
22937
1277
51264
23451
23414
2888
56648
57139
51400
5602
55101
728279
100506564
7323
27309
2214
4760
65993
283150
6749
5791
6880
4690
124245
10113
10097
64240
4342
51035
84460
43849
11118
23555
128977
10412
84340
56948
51335
2287
283237
10629
2537
7343
27235
5078
865
92400
1616
80852
23383
9262
1647
30812
64946
220869
6990
80012
23589
90592
6273
23397
10233
80790
84312
8554
11193
54069
3482
9985
83543
10196
91975
26015
10318
10146
10189
3284
4661
4598
1846
51499
2
10930
477
126364
55669
9146
283948
25906
283869
51009
28958
256933
55437
440138
84539
3543
5174
91746
2887
123720
83451
29104
5451
9415
746
468
387597
29118
23457
79980
23480
29777
140710
728215
8476
2987
3707
150726
8772
1033
6416
150290
219988
8879
10576
8667
219793
7075
84294
28982
23339
3014
8771
6135
55175
161829
11156
8031
6184
256297
10632
10983
10342
1364
2771
2193
23167
58478
7781
83982
91754
65082
23067
1875
159963
4864
7639
23474
9478
64377
10716
282974
255374
7414
51571
9184
7480
163688
113278
26504
646658
26058
55330
64318
1975
51126
30968
7415
55257
4923
152273
5688
51244
29105
6915
10926
11200
5500
113179
10293
116379
8220
64651
65264
9121
140838
6662
8645
23379
84365
124512
2079
148268
5394
5701
6195
54675
84124
6271
26097
3035
9898
50855
23512
29887
10468
51441
10230
10877
11171
121536
5052
8411
25978
341392
25827
414059
8773
85453
9231
25895
10
58477
64598
4170
148581
54507
11325
30846
51013
5223
55636
6647
23643
4005
51317
7298
25932
8085
9351
9212
2188
221092
91750
79161
55057
151742
51343
29781
128077
23332
651
56978
26257
6239
51388
54496
79075
5562
79139
64425
9373
353144
6692
55326
84936
54866
6924
8349
7014
55127
9923
5001
1670
10978
1630
283130
6159
55835
22828
10810
3273
1290
5696
6891
57448
79954
90121
2059
6814
2765
51506
5768
10020
892
348801
80185
9070
10933
85301
23043
23613
1612
10110
4097
80129
9040
27243
196996
56683
11105
7625
59274
91833
4123
55466
84669
83892
8493
11176
644096
27330
79876
84188
51614
10000
3313
29992
4998
4216
54883
5349
387893
8974
54820
1318
3596
1750
55133
6818
9019
685
80206
5062
55035
3329
170850
2525
26519
25941
54521
79586
2181
56888
7917
374977
401250
7916
29901
10004
5871
401541
51227
6860
2960
8287
647310
29035
90196
51077
6929
51373
3996
347517
90580
54539
86
55332
90379
11137
22848
1999
1917
5506
10939
147808
5928
81629
22992
387
5891
1045
55701
6834
51024
1052
6838
6837
490
26165
9419
3630
3073
80017
8693
4722
8940
283489
5594
3141
2553
440574
254910
57724
51603
9050
1408
10569
9887
4762
79065
9937
54921
92342
6645
57116
11254
200407
25949
5007
7314
983
9482
23220
23130
6279
8797
10067
7170
25998
84216
144165
2889
2870
7458
440145
55064
55005
22934
128486
55299
54939
190
126669
7483
1013
83855
141
57528
57510
5269
388325
2185
58191
84070
5959
128272
6770
30811
116986
4920
4316
151987
29083
29851
4725
23481
646799
7054
4520
57151
8850
335
861
3798
339231
8178
2643
3221
196993
200132
369
908
5723
5795
977
100128553
23593
10950
6341
8857
8945
29117
1152
10093
10289
27343
3840
10221
29991
9902
55628
51652
54516
2178
9477
5775
27067
3837
10484
9627
10208
9205
84226
1844
7094
2665
10783
401409
54108
5091
11163
55339
84929
782
10276
15
55503
79987
4763
6578
6540
3445
140893
51201
7181
11047
5552
5328
3638
5858
5315
1781
7919
92345
9748
27333
8337
57657
87
440689
51720
27092
100310812
6018
83697
220992
79748
2252
23291
10615
27035
4208
10367
9806
55559
55250
29922
261726
30014
10474
377
55486
1649
56882
332
9785
283377
64105
7268
81696
4212
57418
6520
5436
144097
539
5992
8683
523
7555
2194
8705
57787
4879
9939
27000
10282
51567
83605
3833
10965
3845
85865
51520
93185
11009
7784
50604
79780
7353
23524
54442
63967
79738
27
23065
4850
30818
4821
10616
403284
23234
84324
65061
50840
7184
51647
1258
5601
6839
64743
728642
996
266629
112970
22899
2209
23384
10277
152330
25926
57369
55026
4694
55660
7737
283685
9479
5290
25862
25836
9055
7150
85476
51023
4215
6883
375757
8878
6132
3925
64147
28960
83480
121340
285966
9091
400629
138255
50801
2069
9733
6293
8395
51586
93589
84861
5682
1315
23529
5144
6150
1977
27122
253935
60592
140807
128239
6294
5588
22989
55347
55661
140731
55905
51545
1195
10215
94
389333
7520
25929
221496
63976
122622
1876
5230
2623
83481
4597
57606
54708
6717
55706
4154
10232
51306
54555
140883
10430
93436
8431
79727
120776
79731
441459
23047
2580
7284
285521
58508
374659
6258
54107
3491
199731
5567
349667
10952
7371
25843
3336
10213
58190
83990
55183
441150
6035
60558
23262
4901
2189
4702
26528
2923
8999
8615
901
27153
25830
7832
26100
10319
440567
3636
6895
84033
51533
2650
3177
9837
10544
4780
202915
26020
83667
5286
27293
54974
5395
2017
84444
54505
339230
54737
57798
51592
9585
55165
165140
64121
11160
9827
8777
25923
11340
24140
23246
23430
9497
10521
10469
729440
150274
139322
22944
727905
11146
201626
115416
5683
51314
1026
55657
79894
6659
2739
3932
9619
5108
7536
80740
2149
84926
3489
5586
3921
25885
5954
541565
60
6182
22803
51181
9332
401474
2066
8842
3800
648
4247
57215
146712
5533
29968
80143
83706
5331
8313
1398
2738
2932
23528
8473
158835
26548
7006
55220
3561
9188
9790
50649
23479
5510
23178
5866
84283
115024
220001
6746
8445
8089
5300
2235
811
10734
55259
4477
64858
50485
580
10234
9125
100130771
3674
221491
4771
115992
8407
51602
138240
4750
51241
8533
10490
26046
5684
5283
51143
6635
1859
129303
613
4660
27434
29089
84243
81793
488
2703
51287
128308
337985
23405
222229
100132476
846
399949
115939
6421
23265
51067
26033
100037417
2559
91603
5591
50613
80174
54870
51068
9159
146059
1029
57403
387522
2967
3860
170626
1434
3202
3189
9924
55100
3297
5813
6376
6871
5604
999
6901
57649
729475
83871
255725
7305
5603
5778
84451
8536
3299
11151
10661
79165
5896
8379
29844
26121
55145
51534
8642
3291
246184
5837
5526
80169
8270
284383
219348
124923
6774
6137
1650
10026
101362076
338707
80270
29959
28977
4591
9787
51164
30009
24137
9730
55837
14
79774
3728
9001
4733
51084
81533
2953
25807
64863
11329
79778
81887
6005
54443
5329
1382
1635
8895
2323
83401
3437
960
23412
10745
3574
8876
8939
10450
114881
23636
56979
55109
4724
4289
51493
136332
23211
84271
9609
623
84081
1968
23625
91807
2832
56731
23784
7482
128346
91408
26191
6272
283579
10542
10460
745
64778
1173
2355
220323
27433
2011
23761
51283
9605
9093
145957
28973
5789
400359
11062
6671
60560
85021
7153
1514
301
23287
255426
64852
3320
2314
81608
90639
1468
57118
57335
200424
81671
90060
9636
653656
4841
10505
9768
159163
29894
84142
3490
56910
5978
84273
1629
6510
608
1497
55471
3569
11097
11014
6364
3552
51075
5292
79744
10994
2247
55212
6202
6643
388115
55681
10970
6188
1301
4915
2622
1437
116842
27089
23137
5916
5836
414189
653308
728047
2023
57531
79868
10225
28956
54856
6788
404093
6598
9127
78995
123606
144245
9409
57010
24147
6897
5373
27166
2958
60626
51433
6832
51667
5238
10384
6302
5226
5195
10084
7355
1339
51142
57130
5425
55161
5305
2538
9325
4285
10612
26973
25975
1022
113746
6240
92259
22
55619
65080
9647
51132
54765
79039
23389
79175
124590
9219
55670
8818
6879
201140
1850
375449
57018
8820
7707
29780
3739
56475
64149
9267
51692
83444
7841
51322
4717
23335
6198
10935
9175
51428
404672
7001
2262
401097
5192
10388
11079
4485
79660
130916
51099
2957
10910
84433
116369
51750
5511
55975
6777
23673
346689
55039
54763
6183
9694
140733
51094
11339
340526
57617
7016
4171
51087
57181
55182
8722
5105
57176
388588
129685
7425
5420
79706
4522
3965
84885
84747
6725
79143
284076
140460
255928
2965
8774
255027
25
8079
203547
10402
3005
142
3161
974
51550
129642
22845
51564
6299
3371
84901
4899
55578
23552
9209
54998
23329
5826
5705
221830
85313
3006
29949
80789
27161
8325
164684
9925
5691
51258
642843
7204
2004
527
51205
9706
2274
55120
8326
10899
399
644054
23193
8649
23511
9877
57132
210
64857
53616
65056
285180
673
4684
55699
55967
25879
81034
84916
3603
8323
9382
8986
7542
54902
9126
7067
9130
80019
26287
257407
200576
4292
10713
388969
998
147670
96626
3053
5531
226
79705
140890
6921
182
9978
3560
715
5798
10940
51690
5439
2184
3950
140823
8731
5660
6281
22948
65975
23216
1778
10421
219986
29944
166614
6285
51202
2968
100506012
641
57055
51512
51154
92092
23155
6526
57154
55069
55665
56052
10197
1608
7283
1445
90025
9367
2697
22796
54512
2491
225689
128061
8581
6691
642446
51167
4163
1308
55653
1938
147199
84296
5393
26281
57461
3486
50838
10556
118881
83942
653820
6613
10775
7474
218
6603
904
387778
9183
1788
54867
54454
114049
1593
57565
3300
3183
64422
9120
2245
118987
4738
79109
4747
4058
7423
79834
339366
56479
10623
80273
79717
156
26054
55205
6595
10285
100423062
51650
54360
774
7200
79042
4707
7357
4698
55094
27332
1595
889
3727
7479
6497
9669
57805
5229
11116
3174
107
55756
153241
3309
9221
84529
1634
28985
84520
6207
51372
55793
7252
81611
2947
10959
2242
84058
51218
4882
9027
56670
8976
340168
6878
8517
54938
112840
4718
65987
7069
55821
84817
95681
51046
10240
7027
3611
390883
55089
9637
6903
2918
9258
9875
54707
55312
207
4916
126549
29941
90381
10444
3843
393
7171
4218
54549
11103
6752
162681
84516
128153
7337
54386
51619
1412
90480
7311
9789
6152
79915
2874
23223
8471
8535
22891
6194
170392
898
118487
8725
9941
678
71
10957
8073
221937
23354
64834
10158
51727
54891
7755
4975
8665
27327
896
6949
705
513
162282
58490
1869
9656
56924
5330
2618
939
10844
83758
11113
9904
1512
10291
23523
138151
135154
54832
9388
6231
164592
143162
3678
8175
55374
285848
801
162972
79622
51728
113201
7205
23645
81621
2547
80201
26521
24144
8363
402055
23598
64092
55216
51523
286262
4245
2241
53918
23387
5036
55140
118472
4017
2065
10517
55003
4141
23119
3842
5082
6804
11224
26164
56992
2819
151056
7581
3621
54510
57492
56917
5830
79796
4636
2103
80824
9815
1329
54583
6872
51455
9816
7531
1956
1111
83860
8559
7417
6192
10871
6728
23028
7468
91582
84190
10201
339967
80150
5989
8539
84247
3434
158401
8812
10914
91860
55969
9919
54433
100134934
5150
10274
359948
79142
79576
23194
10121
551
6208
55164
56342
8805
83854
2248
6487
1106
57467
55571
27198
157869
9296
60468
3954
51780
3181
93129
5536
8289
554
2812
392509
10987
51194
84722
2029
10112
10902
8382
80115
8317
23633
144715
554251
55850
2872
728712
11108
65267
3301
51510
328
247
83879
2908
56951
153443
23141
6462
2113
902
5534
11065
2810
5569
7812
140683
9584
23498
84701
23548
55898
8732
2071
3735
55677
4582
81605
6539
64395
1822
79786
3430
2261
3018
83482
53944
5432
3839
57466
10664
2321
23522
10195
10049
3229
5153
339487
1984
9550
51195
81575
8607
92609
408263
7412
57002
144568
148867
8891
158293
167681
204851
56655
10654
9076
11031
55352
11330
2057
3716
9965
205
11278
4849
58506
2301
54952
29929
171483
10610
5655
85365
3184
5593
51138
55435
8900
9997
115426
50808
4314
23532
7125
1588
9101
6619
6433
56906
5592
2896
253190
25930
10352
55700
54813
124538
60528
3447
22800
3562
1263
66036
124995
8767
11101
6130
5685
127933
64794
7270
55081
100303755
9255
388381
23173
25915
55749
10626
10061
80176
27284
91227
2805
1369
6425
60481
23174
112939
81631
1551
8720
718
51296
29099
9697
3904
4992
10262
114823
91647
3418
27023
161582
83640
8455
79861
5048
56
55844
55556
8481
10936
3737
7156
57513
494143
6233
72
2251
115352
10635
51070
4478
9392
23521
57474
948
1180
114034
646450
10587
5617
1198
57110
152579
79736
28998
7003
57599
9595
1058
1523
4214
401562
338599
7272
8218
5884
57459
814
5422
22808
9541
3821
3231
167227
6161
23066
2255
7562
55192
91683
6144
2322
5770
6276
10447
51735
5780
9819
4647
9662
26266
3688
4144
11232
6759
56915
63943
64978
10554
27244
283459
9416
729233
1615
84705
3980
23534
89910
55157
27042
3290
126961
343068
10666
5693
7424
55011
23015
1158
729250
9562
55831
162699
26275
9349
55970
123096
8540
2784
5704
6204
3835
23416
7874
64928
2972
3576
8826
1755
84274
55072
23495
51310
55644
63897
80223
51014
9149
10044
2091
5204
29882
4327
729240
51308
4147
124989
161514
2021
199964
57171
57697
221409
64170
3112
653657
22827
11222
9372
386653
3682
8829
259
56952
11273
55770
29855
10691
5459
3604
7326
10658
6117
84364
57721
7073
285220
599
7535
890
9775
90525
79595
3442
123
54801
25909
116092
5903
60625
10461
7057
51103
64180
5191
163033
2147
219438
5464
9956
5930
7486
5066
7158
55814
2966
847
5079
9543
9829
10459
441273
9444
10625
3419
81502
4090
10454
84164
23543
8814
8729
6923
5599
22849
285381
56257
10424
820
124930
993
90019
2130
8861
5435
284058
6663
3215
54865
221908
3394
10204
8573
8189
1000
84560
5257
572
64782
284349
84309
83696
987
55388
9620
63925
221302
699
112398
7178
11040
79447
64770
55924
8733
51659
8872
9650
26019
51209
5468
132
3778
159
1448
81603
84233
10879
131566
10094
23582
4088
147138
6374
115557
441024
2919
63977
151188
120586
64951
9136
3376
2335
6772
2744
3853
256158
90678
1182
57720
9726
1350
5606
55658
25942
55799
6794
4666
7716
6426
1101
54205
84919
29896
9263
586
5189
4917
51005
899
80178
79803
4323
2271
8678
5255
1163
51426
51585
5339
4926
5612
3171
4869
54345
51530
5630
93973
10051
80216
5887
412
115201
150275
79657
374395
51497
9227
375387
9334
10477
11129
1121
6625
1209
5335
5971
4878
23677
389690
9526
399888
8405
5356
63931
91687
8763
3399
10733
9064
22837
11236
5877
93380
5521
23196
9791
10961
729355
5784
125988
595
3703
54863
64432
517
351
64333
11066
10247
1041
1982
51473
153090
3587
64061
23248
143689
10768
134637
284612
65084
26155
55131
51032
2893
81572
60493
7932
27429
7133
4643
2821
208
55544
9948
9446
6877
60490
196743
201292
3607
84993
7786
694
9282
3695
8491
145389
5707
51271
338785
5295
9284
2268
8904
85366
84299
27229
5757
223082
54987
4116
6512
7265
5924
5921
51118
80204
2494
8458
9933
554313
102157402
10847
6334
4720
445571
343990
3052
55860
10572
196441
51633
2729
79009
51265
6695
29125
27292
64319
23554
27152
79019
8446
80254
389
333926
124801
8888
2653
5116
501
6617
6790
57091
10998
2737
7913
11259
7301
3460
1349
1633
9406
23365
55153
51729
51282
6733
80045
5694
84632
55845
9276
5600
80764
805
2339
5471
117286
29760
8682
7316
7390
55004
5894
22907
114789
51639
9540
140459
653604
28989
80142
5160
63893
1725
29785
9453
79841
93663
6251
54766
3832
10579
113178
57698
9277
28955
3990
9702
161291
153770
56834
22836
84668
493869
7922
7294
730755
81872
738
55789
6499
7936
79922
64718
2535
11266
29960
1119
5797
1365
8823
346288
79646
1740
7264
392
9114
79029
84337
3949
89887
89792
85569
51569
729873
6925
84437
1436
5788
8356
255631
1741
27044
1674
4361
5523
10979
10618
10785
5316
9060
23617
1739
10603
7169
2212
1944
727830
83540
58158
1317
7099
7539
55602
55755
641371
84319
51649
56905
9698
9570
10137
23029
3135
7444
23360
5565
84334
125228
64132
50488
55763
5859
9158
283373
2672
5537
124
57571
8293
1964
127495
23040
390992
257218
26750
6490
6850
113115
8808
1746
151393
57650
10528
22919
10721
7475
63924
7328
9002
51053
5528
51230
2070
93624
257236
1314
6667
83658
5291
8894
27095
9891
9967
6683
78986
84678
1020
26173
1439
80775
140689
22863
164153
51741
10370
64786
65003
7367
134359
25886
64969
23020
2912
23132
9391
170960
116729
6566
23197
51012
10114
3170
2937
8263
100996939
6120
92689
80014
2073
54927
221927
5437
1539
6636
26696
8614
662
5631
8992
4084
4236
79680
1337
54948
10434
9452
25858
1454
8668
10850
148738
1665
222537
400224
1385
5611
26017
1244
2931
51231
7549
79664
54567
51406
3815
2767
283518
6900
5320
1798
10351
27022
221613
133396
7690
5447
9551
79101
4820
92999
6747
8242
1446
256691
1743
84173
4053
9870
55640
255349
10381
28964
2197
653220
260434
6392
7108
9868
84256
5514
5932
53826
121642
7991
7317
646643
474383
6672
3422
57143
65083
26995
51117
27342
56164
100131755
440561
54148
11054
79693
84301
84891
6713
10723
79947
23639
1016
2100
23587
6588
11337
390882
390748
55843
3693
56970
7469
2521
65125
9942
3476
7005
221477
3960
6385
147700
343578
84148
79613
8661
54520
84172
2523
170506
64326
2081
150677
10724
5718
3632
1656
1025
9377
90853
23
9966
286128
3321
51252
64431
54930
8660
402573
65057
11074
10107
6992
211
54968
400
27340
57120
6098
8453
57127
7818
57325
6754
2638
6181
83903
3725
115825
396
389421
65117
1594
5264
170622
8880
347148
64976
7407
728239
131474
25939
23509
51340
140711
339175
25902
201595
286380
1375
83886
9696
2671
348995
80232
3381
5194
4149
2979
6908
54465
81
3340
9986
65018
8527
6386
96764
8542
150379
25813
4627
25828
9628
5970
84000
84329
8409
2170
441639
83932
92
127845
29122
5997
6884
5525
4713
9524
7431
28974
4087
7763
51010
79726
9071
1802
6742
5557
5708
84432
51263
134353
282809
1730
1452
22993
255324
9442
23013
1088
1663
283742
5469
51026
9818
8556
56681
26585
55149
10772
10531
10555
11243
5956
4000
257160
154007
3713
51755
64122
7775
22868
402682
10856
60496
472
137682
5530
57794
4335
79827
9857
80896
5133
9456
79174
9625
114900
375444
6792
285349
9665
249
339241
90070
8464
29093
1387
2187
22826
729877
114879
80737
57819
7702
343637
114822
4089
4322
10180
22880
57414
9729
8653
27037
382
84881
9147
1477
5203
6715
25823
6597
10111
3565
51646
7023
6934
84851
1979
6173
7290
81894
4659
9670
4352
5163
57818
57405
5698
10539
9556
27347
55314
284427
9362
6729
8841
5304
5018
388284
80004
6491
23310
84138
7849
51102
282770
55890
3559
79746
6372
238
10090
130399
9971
7441
5019
9314
1861
10592
7321
8565
80319
2072
8061
3768
5720
8086
23468
6346
81926
474384
56829
23071
57511
526
55122
2045
57504
79412
3855
84231
79932
3178
10989
7080
55037
93611
80324
57104
619373
5925
1021
1537
166348
8707
881
6230
2395
6801
5719
9589
140876
8802
6164
23054
2058
3398
55066
29964
3033
3452
2028
10669
1950
3235
10062
9045
129080
654364
90993
55052
11269
30827
695
220134
8454
28987
57763
1879
7378
55687
8669
84524
50
171568
84844
1983
89958
80829
144233
55795
339229
123264
6093
282996
400986
10769
10048
339221
4692
645142
6605
83992
1005
27125
257415
55858
5156
124402
388324
10670
55783
79944
7189
23513
23510
2799
7260
2060
5672
55726
10980
8239
2520
124401
11021
90355
57455
10059
6810
29108
23560
8318
660
10762
285367
51200
1299
22884
9878
11198
57096
55105
8487
79643
7525
6446
4602
79034
26057
57050
2926
4931
89978
6726
444
1854
717
10212
6700
116412
56259
64900
200931
51386
6280
6283
7884
51367
994
5368
1397
4723
5188
83740
10250
9402
6307
54984
51552
2176
2733
5981
10063
2959
91801
440279
58472
5607
199699
676
59272
94233
51096
1392
122769
6166
8702
80218
5126
2526
10011
389541
26268
22858
60680
56181
145482
29110
201254
2530
55236
27201
10273
10969
6513
991
9028
54892
3066
10927
3065
9348
4194
6262
4085
5266
23399
8846
7010
1495
3705
1113
10171
1757
401466
80308
84305
57148
57187
3338
10813
79974
2922
49860
6235
8490
5010
860
10235
9839
3093
5289
116540
9703
51430
728833
440400
3594
7182
4904
116028
3651
6541
144108
51593
43
4967
55320
10492
832
3995
28976
643680
2935
11336
278
3913
3875
9474
64750
4355
23683
203074
83443
374291
2549
29965
8821
25897
84661
60436
6185
83468
90637
9527
9014
5207
2288
4953
9329
51188
84464
1381
23595
124565
122618
10253
55270
51116
64802
83548
6228
6581
60491
54933
153339
23070
7020
5636
5427
51601
6428
6218
826
5063
659
55705
55679
26038
6146
83882
51022
10480
51248
57446
3172
284184
9218
55735
27349
8563
1760
7071
3162
5799
2006
5982
9685
1583
6656
51594
10581
79637
10728
9241
506
27258
23163
100506164
155038
114
27232
6627
55832
55801
118
51451
286077
57505
6187
55096
23545
283643
202374
8568
89941
1476
6123
2539
6525
131096
728689
5337
5241
8260
4248
2781
1124
54499
94107
55187
5518
80306
6536
8537
51434
112869
128864
57690
170954
26576
79677
7405
2673
375
7008
64783
7013
51079
1001
79723
84292
6319
6657
6038
285126
3516
51490
7805
1419
5890
1894
154197
51119
5297
9319
6400
55070
8562
8358
57129
4711
6434
10139
79133
57338
9378
2845
22864
7979
256076
3400
2792
121364
1072
26993
643854
29984
9034
6629
3704
339210
51651
1459
9631
5829
445329
54812
10607
6175
10985
4288
6865
51253
10165
7982
84892
2710
376132
874
79544
57019
55768
54995
84640
2868
10393
6059
378108
6227
11157
57194
1555
51
10898
929
9119
56980
160518
2167
4798
84266
9475
29841
85359
5433
11017
10199
1826
10327
64428
6873
56658
503834
2794
1639
23327
5756
23081
283464
7965
124773
138199
317
157570
23408
4438
80005
85478
26298
55226
91782
2001
3227
27335
817
93627
50484
90378
55920
10675
200916
6514
53904
1089
26122
2736
163227
4040
2984
3760
8520
5901
112885
27183
391365
5861
79623
204
1951
2785
8905
64960
713
317662
79290
9150
23133
23514
6811
7273
10482
84961
1340
1024
51371
604
81544
22929
11215
64403
155368
375056
201232
4605
91464
4792
5687
79053
23063
2120
421
55651
10645
728340
84549
5675
2747
4201
5581
3145
126637
6165
4504
84135
8558
390445
8362
5613
6401
9689
10497
54097
4330
197370
27301
9154
1823
8804
7095
2210
84240
1160
60401
391004
51805
25957
199
129401
9859
55720
63826
55746
55854
25820
148304
10320
5440
5833
60412
8028
51629
200350
10428
6010
5984
54802
79585
9044
100861412
51144
2627
51316
537
84254
89795
11143
23325
1457
578
79981
388199
9831
55357
54187
90288
5933
203054
56339
340706
727832
9491
11083
54994
10330
140735
80237
26301
146057
10420
26986
387715
231
53335
29094
150209
31
28952
340273
81606
1606
64210
6634
57107
23759
3151
51465
29799
11267
4976
4800
284340
498
10127
372
5430
7866
23381
54851
8403
55308
1305
10458
2232
222235
79654
81622
23019
148327
27173
79577
10440
6556
5288
58516
4363
347688
988
940
8831
117143
825
10376
64375
597
54460
7036
7050
8394
11197
154043
6658
51634
5993
5298
84287
1191
6301
55166
57515
8795
1969
22852
2902
6664
3187
3667
23198
1117
55593
152185
7846
1431
113829
79901
100170841
64768
9710
4609
4191
84311
79159
729246
4190
6362
10159
25911
147007
1325
246243
23627
5728
2259
54676
23594
90624
10714
6046
7077
84263
49856
124540
7827
140700
7140
10413
348793
51321
252969
1525
23678
9134
78992
57396
30844
6189
7168
55015
51726
4891
84246
8555
317705
115749
2117
5201
2213
254263
59283
277
55152
84342
25896
6191
54407
84950
63932
9015
23549
5224
164714
23619
5587
1444
64285
10752
375743
1303
171546
27341
132660
26127
2815
8761
788
26512
26354
7266
5580
91869
8314
7086
548644
10135
64151
57178
56521
10013
10105
9782
637
2662
83608
166752
55197
9261
4921
9203
23385
5824
10498
8328
3251
57099
1386
64223
25837
90850
642475
4637
55325
4716
494513
51106
5627
5663
3169
1371
6628
140901
6741
54529
388677
55
1819
10527
285313
122183
10344
116150
4072
84811
23450
51382
58505
57172
2948
91574
10499
254102
3624
51504
10124
3659
23235
220988
7324
10928
80108
819
9927
9232
353
1296
4217
53407
55291
55572
2806
1470
23557
6278
5516
55666
5005
55500
254013
81567
85437
387338
5902
29801
1112
728224
2843
137492
9734
65008
7789
8856
5664
84132
25937
28227
83694
1075
8687
6631
80018
117248
967
79258
269
389812
345651
79740
203
2668
8943
80145
9861
55280
100500938
5610
81573
26009
7464
1479
23256
8190
5296
6142
1890
5423
6171
23559
56922
84450
56984
26135
8915
26084
389114
7512
4296
55893
5714
140469
9821
59084
55277
23191
26271
489
22794
1440
55337
5709
58484
23011
112399
1358
23164
1871
7803
7227
10973
3099
92856
388564
274
84317
116461
7132
64761
55245
6197
79863
4593
22850
9024
83549
10552
51742
23404
59335
22890
3306
3702
147111
1959
55819
51605
1510
24150
23463
23107
9984
9132
390077
51611
55049
4185
51157
6599
10101
29116
5700
5411
220108
55290
23165
5532
158521
283461
10570
9632
55038
10897
10694
64983
140885
7450
1952
57168
64080
6950
23204
2049
57699
5055
1953
79087
23091
54957
91862
9914
8926
100132247
1460
5571
114971
3848
89849
60312
26005
85235
25852
23386
185
4043
5832
83939
55266
8799
558
10656
84749
10993
54700
3364
54606
9238
10699
1060
2044
10229
6668
2620
7712
10513
129285
4193
10181
56902
5000
4999
1642
54949
146434
140453
9693
144453
5787
117177
771
100820829
56889
5015
4691
594857
471
54458
84923
7175
51073
85403
1014
112812
25920
2074
79856
11056
11168
1586
10001
6670
65220
51002
2869
203238
545
89777
26520
9786
8208
10534
2078
51018
10302
6124
245806
55055
27010
147323
79993
3897
6721
84890
6170
7319
8370
474381
4142
292
548596
1143
6545
29945
23786
7411
7726
54550
387787
168620
1310
5810
79152
7090
116238
65095
10972
284086
10678
8099
88745
11317
3880
83442
8569
51025
4622
2617
728489
259282
81620
51693
9094
3978
51274
137075
11227
2099
9131
8237
55272
5054
5431
3927
1652
9767
54993
6696
273
7494
25976
7629
80010
79753
64769
221785
55689
8833
5883
55137
4714
1806
9054
440585
284827
254950
4234
54462
54620
2976
64225
55591
24142
124944
646486
84447
842
1306
2297
386676
7873
130013
1062
9512
10913
306
5287
27068
3858
5980
3190
84186
115948
6141
6701
525
79050
84300
54797
9473
1549
8468
51076
7453
3433
139081
116541
9618
51086
1489
356
8241
100131390
9152
22893
54059
138162
4189
3692
56993
2042
9846
27156
3443
7443
7756
79647
84823
4354
657
26254
4246
3744
10390
5686
1662
9659
51100
126626
8870
84937
5130